Processes (ID, arrival time, burst time):

1 50 33 
2 52 34 
3 95 12 
4 78 67 
5 37 19 
6 2 83 
7 51 79 
8 86 49 
9 23 3 
10 80 5 
11 13 84 
12 50 90 
13 25 91 
14 87 25 
15 20 72 
16 22 1 
17 47 93 
18 63 38 
19 67 0 
20 69 98 
21 82 25 
22 48 10 
23 43 37 
24 75 26 
25 19 19 
26 5 31 
27 31 9 
28 57 38 
29 60 48 
30 50 78 
31 0 87 
32 45 30 
33 64 94 
34 90 3 
35 43 17 
36 42 52 
37 78 47 
38 82 29 
39 19 75 
40 94 17 
41 14 68 
42 16 50 
43 31 18 
44 8 72 
45 26 24 
46 30 81 
47 36 1 
48 31 47 
49 66 46 
50 21 4 
51 82 43 
52 21 44 
53 70 3 
54 10 53 
55 73 19 
56 24 68 
57 34 88 
58 49 74 
59 29 87 
60 69 94 
61 44 70 
62 86 72 
63 71 76 
64 14 39 
65 51 99 
66 95 72 
67 33 58 
68 8 29 
69 45 58 
70 9 18 
71 51 66 
72 21 16 
73 79 8 
74 81 37 
75 15 6 
76 5 51 
77 31 43 
78 30 52 
79 94 50 
80 70 98 
81 87 65 
82 29 4 
83 98 71 
84 51 30 
85 5 70 
86 68 98 
87 3 22 
88 28 29 
89 56 32 
90 62 17 
91 36 40 
92 38 65 
93 84 92 
94 43 38 
95 63 16 
96 66 46 
97 78 20 
98 96 97 
99 70 97 
100 80 68 
Processes aranged by FCFS:
31 0 87 
6 2 83 
87 3 22 
26 5 31 
76 5 51 
85 5 70 
44 8 72 
68 8 29 
70 9 18 
54 10 53 
11 13 84 
41 14 68 
64 14 39 
75 15 6 
42 16 50 
25 19 19 
39 19 75 
15 20 72 
50 21 4 
52 21 44 
72 21 16 
16 22 1 
9 23 3 
56 24 68 
13 25 91 
45 26 24 
88 28 29 
59 29 87 
82 29 4 
46 30 81 
78 30 52 
27 31 9 
43 31 18 
48 31 47 
77 31 43 
67 33 58 
57 34 88 
47 36 1 
91 36 40 
5 37 19 
92 38 65 
36 42 52 
23 43 37 
35 43 17 
94 43 38 
61 44 70 
32 45 30 
69 45 58 
17 47 93 
22 48 10 
58 49 74 
1 50 33 
12 50 90 
30 50 78 
7 51 79 
65 51 99 
71 51 66 
84 51 30 
2 52 34 
89 56 32 
28 57 38 
29 60 48 
90 62 17 
18 63 38 
95 63 16 
33 64 94 
49 66 46 
96 66 46 
19 67 0 
86 68 98 
20 69 98 
60 69 94 
53 70 3 
80 70 98 
99 70 97 
63 71 76 
55 73 19 
24 75 26 
4 78 67 
37 78 47 
97 78 20 
73 79 8 
10 80 5 
100 80 68 
74 81 37 
21 82 25 
38 82 29 
51 82 43 
93 84 92 
8 86 49 
62 86 72 
14 87 25 
81 87 65 
34 90 3 
40 94 17 
79 94 50 
3 95 12 
66 95 72 
98 96 97 
83 98 71 
Processes aranged by SJF:
31 0 87 
19 67 0 
16 22 1 
47 36 1 
9 23 3 
34 90 3 
53 70 3 
50 21 4 
82 29 4 
10 80 5 
75 15 6 
73 79 8 
27 31 9 
22 48 10 
3 95 12 
72 21 16 
95 63 16 
35 43 17 
40 94 17 
90 62 17 
43 31 18 
70 9 18 
5 37 19 
25 19 19 
55 73 19 
97 78 20 
87 3 22 
45 26 24 
14 87 25 
21 82 25 
24 75 26 
38 82 29 
68 8 29 
88 28 29 
32 45 30 
84 51 30 
26 5 31 
89 56 32 
1 50 33 
2 52 34 
23 43 37 
74 81 37 
18 63 38 
28 57 38 
94 43 38 
64 14 39 
91 36 40 
51 82 43 
77 31 43 
52 21 44 
49 66 46 
96 66 46 
37 78 47 
48 31 47 
29 60 48 
8 86 49 
42 16 50 
79 94 50 
76 5 51 
36 42 52 
78 30 52 
54 10 53 
67 33 58 
69 45 58 
81 87 65 
92 38 65 
71 51 66 
4 78 67 
41 14 68 
56 24 68 
100 80 68 
61 44 70 
85 5 70 
83 98 71 
15 20 72 
44 8 72 
62 86 72 
66 95 72 
58 49 74 
39 19 75 
63 71 76 
30 50 78 
7 51 79 
46 30 81 
6 2 83 
11 13 84 
59 29 87 
57 34 88 
12 50 90 
13 25 91 
93 84 92 
17 47 93 
33 64 94 
60 69 94 
98 96 97 
99 70 97 
20 69 98 
80 70 98 
86 68 98 
65 51 99 
Processes aranged by PreemptiveSJF:
31 0 15 
75 15 6 
50 21 1 
16 22 1 
9 23 3 
50 21 3 
82 29 4 
27 31 3 
47 36 1 
27 31 6 
72 21 16 
22 48 10 
19 67 0 
95 63 1 
53 70 3 
95 63 15 
10 80 5 
34 90 3 
73 79 8 
3 95 12 
35 43 17 
40 94 17 
90 62 17 
43 31 18 
70 9 18 
5 37 19 
25 19 19 
55 73 19 
97 78 20 
87 3 22 
45 26 24 
14 87 25 
21 82 25 
24 75 26 
38 82 29 
68 8 29 
88 28 29 
32 45 30 
84 51 30 
26 5 31 
89 56 32 
1 50 33 
2 52 34 
23 43 37 
74 81 37 
18 63 38 
28 57 38 
94 43 38 
64 14 39 
91 36 40 
51 82 43 
77 31 43 
52 21 44 
49 66 46 
96 66 46 
37 78 47 
48 31 47 
29 60 48 
8 86 49 
42 16 50 
79 94 50 
76 5 51 
36 42 52 
78 30 52 
54 10 53 
67 33 58 
69 45 58 
81 87 65 
92 38 65 
71 51 66 
4 78 67 
41 14 68 
56 24 68 
100 80 68 
61 44 70 
85 5 70 
83 98 71 
15 20 72 
31 0 72 
44 8 72 
62 86 72 
66 95 72 
58 49 74 
39 19 75 
63 71 76 
30 50 78 
7 51 79 
46 30 81 
6 2 83 
11 13 84 
59 29 87 
57 34 88 
12 50 90 
13 25 91 
93 84 92 
17 47 93 
33 64 94 
60 69 94 
98 96 97 
99 70 97 
20 69 98 
80 70 98 
86 68 98 
65 51 99 
Processes aranged by RR:
31 0 20 
6 2 20 
87 3 20 
26 5 20 
76 5 20 
85 5 20 
44 8 20 
68 8 20 
70 9 18 
54 10 20 
11 13 20 
41 14 20 
64 14 20 
75 15 6 
42 16 20 
25 19 19 
39 19 20 
15 20 20 
50 21 4 
52 21 20 
72 21 16 
16 22 1 
9 23 3 
56 24 20 
13 25 20 
45 26 20 
88 28 20 
59 29 20 
82 29 4 
46 30 20 
78 30 20 
27 31 9 
43 31 18 
48 31 20 
77 31 20 
67 33 20 
57 34 20 
47 36 1 
91 36 20 
5 37 19 
92 38 20 
36 42 20 
23 43 20 
35 43 17 
94 43 20 
61 44 20 
32 45 20 
69 45 20 
17 47 20 
22 48 10 
58 49 20 
1 50 20 
12 50 20 
30 50 20 
7 51 20 
65 51 20 
71 51 20 
84 51 20 
2 52 20 
89 56 20 
28 57 20 
29 60 20 
90 62 17 
18 63 20 
95 63 16 
33 64 20 
49 66 20 
96 66 20 
86 68 20 
20 69 20 
60 69 20 
53 70 3 
80 70 20 
99 70 20 
63 71 20 
55 73 19 
24 75 20 
4 78 20 
37 78 20 
97 78 20 
73 79 8 
10 80 5 
100 80 20 
74 81 20 
21 82 20 
38 82 20 
51 82 20 
93 84 20 
8 86 20 
62 86 20 
14 87 20 
81 87 20 
34 90 3 
40 94 17 
79 94 20 
3 95 12 
66 95 20 
98 96 20 
83 98 20 
31 0 40 
6 2 20 
87 3 2 
26 5 11 
76 5 20 
85 5 20 
44 8 20 
68 8 9 
54 10 20 
11 13 20 
41 14 20 
64 14 19 
42 16 20 
39 19 20 
15 20 20 
52 21 20 
56 24 20 
13 25 20 
45 26 4 
88 28 9 
59 29 20 
46 30 20 
78 30 20 
48 31 20 
77 31 20 
67 33 20 
57 34 20 
91 36 20 
92 38 20 
36 42 20 
23 43 17 
94 43 18 
61 44 20 
32 45 10 
69 45 20 
17 47 20 
58 49 20 
1 50 13 
12 50 20 
30 50 20 
7 51 20 
65 51 20 
71 51 20 
84 51 10 
2 52 14 
89 56 12 
28 57 18 
29 60 20 
18 63 18 
33 64 20 
49 66 20 
96 66 20 
86 68 20 
20 69 20 
60 69 20 
80 70 20 
99 70 20 
63 71 20 
24 75 6 
4 78 20 
37 78 20 
100 80 20 
74 81 17 
21 82 5 
38 82 9 
51 82 20 
93 84 20 
8 86 20 
62 86 20 
14 87 5 
81 87 20 
79 94 20 
66 95 20 
98 96 20 
83 98 20 
31 0 27 
6 2 20 
76 5 11 
85 5 20 
44 8 20 
54 10 13 
11 13 20 
41 14 20 
42 16 10 
39 19 20 
15 20 20 
52 21 4 
56 24 20 
13 25 20 
59 29 20 
46 30 20 
78 30 12 
48 31 7 
77 31 3 
67 33 18 
57 34 20 
92 38 20 
36 42 12 
61 44 20 
69 45 18 
17 47 20 
58 49 20 
12 50 20 
30 50 20 
7 51 20 
65 51 20 
71 51 20 
29 60 8 
33 64 20 
49 66 6 
96 66 6 
86 68 20 
20 69 20 
60 69 20 
80 70 20 
99 70 20 
63 71 20 
4 78 20 
37 78 7 
100 80 20 
51 82 3 
93 84 20 
8 86 9 
62 86 20 
81 87 20 
79 94 10 
66 95 20 
98 96 20 
83 98 20 
6 2 23 
85 5 10 
44 8 12 
11 13 20 
41 14 8 
39 19 15 
15 20 12 
56 24 8 
13 25 20 
59 29 20 
46 30 20 
57 34 20 
92 38 5 
61 44 10 
17 47 20 
58 49 14 
12 50 20 
30 50 18 
7 51 19 
65 51 20 
71 51 6 
33 64 20 
86 68 20 
20 69 20 
60 69 20 
80 70 20 
99 70 20 
63 71 16 
4 78 7 
100 80 8 
93 84 20 
62 86 12 
81 87 5 
66 95 12 
98 96 20 
83 98 11 
11 13 4 
13 25 11 
59 29 7 
46 30 1 
57 34 8 
17 47 13 
12 50 10 
65 51 19 
33 64 14 
86 68 18 
20 69 18 
60 69 14 
80 70 18 
99 70 17 
93 84 12 
98 96 17 
Average waiting time of FCFS: 2281.81
Average waiting time of SJF: 1497.69
Average waiting time of PreemptiveSJF: 1472.06
Average waiting time of RR: 2900.76
